-,-,-
413, -351, 263
197, -391, -108
197, -391, -108
101, -338, -286
63, -215, -214
11, -108, -183
-119, -121, -283
-253, -73, -283
-358, 89, -293
-471, 235, -232
-561, 418, 5
-561, 418, 5
-560, 696, 439
-604, 706, 1010
-752, 265, 1767
-829, -41, 1998
-810, 151, 1998
-722, 441, 1998
-731, 355, 1998
-751, 278, 1998
-751, 278, 1998
-757, 387, 1998
-850, 464, 1998
-867, 686, 1998
-848, 843, 1963
-873, 931, 1505
-789, 1097, 638
-482, 1373, -240
-73, 1479, -909
232, 1247, -934
352, 818, -942
423, 454, -902
423, 454, -902
500, 285, -774
471, 34, -673
432, -170, -570
397, -322, -272
356, -437, -33
-,-,-
257, -60, -56
131, -219, -290
-99, -372, -486
-189, -258, -392
-265, -109, -317
-265, -109, -317
-390, -25, -341
-510, 156, -333
-611, 409, -257
-694, 621, -89
-821, 745, 171
-995, 948, 932
-1198, 1009, 1951
-1349, 803, 1998
-1380, 743, 1998
-1400, 992, 1998
-1319, 1113, 1998
-1362, 855, 1998
-1489, 787, 1998
-1599, 977, 1998
-1695, 1272, 1998
-1641, 1667, 1522
-1155, 1991, 722
-409, 1997, -147
-631, 1996, -1428
116, 1898, -1990
372, 1214, -1830
608, 782, -1286
545, 173, -772
545, 173, -772
358, -425, -356
-,-,-
151, -252, -47
-39, -508, -167
-123, -360, -209
-123, -360, -209
-225, -111, -44
-298, 36, 8
-465, -57, -17
-616, -49, 29
-750, 137, 119
-833, 444, 344
-833, 444, 344
-867, 748, 1026
-777, 963, 1851
-560, 1185, 1998
-484, 1492, 1998
-378, 1667, 1998
-345, 1292, 1998
-438, 878, 1998
-662, 610, 1998
-929, 569, 1998
-1107, 826, 1998
-1183, 1220, 1640
-1036, 1459, 638
-766, 1365, -324
-305, 1512, -894
155, 1769, -923
477, 1728, -1108
603, 1219, -1280
620, 660, -1176
-,-,-
-121, -156, -338
-166, -164, -301
-209, -197, -269
-253, -213, -334
-300, -234, -447
-316, -55, -429
-364, 79, -418
-426, 124, -220
-496, 115, -63
-675, 246, -65
-799, 556, 462
-859, 787, 1333
-859, 787, 1333
-959, 645, 1986
-1012, 395, 1998
-851, 539, 1998
-672, 663, 1998
-588, 733, 1998
-428, 873, 1998
-386, 788, 1998
-386, 718, 1998
-326, 763, 1998
-321, 954, 1946
-213, 1358, 1389
-3, 1636, 830
-3, 1636, 830
127, 1612, 51
152, 1253, -753
247, 858, -1054
335, 716, -986
341, 554, -889
313, 270, -641
-,-,-
63, -348, 16
63, -348, 16
63, -409, -195
50, -311, -104
-35, -254, 71
-124, -144, -9
-124, -144, -9
-179, 34, -109
-331, 134, -139
-494, 239, -103
-589, 452, 306
-652, 575, 615
-677, 727, 1124
-686, 807, 1769
-665, 661, 1998
-665, 661, 1998
-607, 453, 1998
-537, 530, 1998
-494, 675, 1998
-516, 534, 1998
-599, 296, 1998
-663, 260, 1998
-702, 369, 1998
-757, 567, 1998
-789, 906, 1998
-748, 1304, 1678
-526, 1818, 629
-76, 1997, -161
-76, 1997, -161
363, 1997, -673
435, 1476, -1171
278, 296, -1462
406, 287, -1316
446, 376, -1067
371, 122, -624
306, -197, -129
-,-,-
189, -578, 468
221, -674, 345
183, -628, 11
212, -397, -115
212, -397, -115
217, -248, 87
143, -211, 283
20, -59, 250
-98, 79, 94
-164, 157, 73
-164, 157, 73
-333, 67, 49
-411, 156, 146
-386, 497, 261
-355, 778, 586
-355, 778, 586
-363, 705, 1164
-318, 320, 1821
-183, 296, 1998
-14, 645, 1998
10, 669, 1998
-91, 270, 1998
-188, -44, 1998
-231, 46, 1998
-231, 46, 1998
-290, 278, 1998
-296, 504, 1998
-266, 660, 1998
-255, 745, 1839
-270, 772, 1288
-169, 907, 779
-23, 1073, 347
144, 1119, 78
144, 1119, 78
291, 1042, -177
294, 796, -556
257, 355, -829
297, -2, -640
402, -124, -265
470, -113, 64
470, -113, 64
485, -84, 132
-,-,-
117, -257, 96
214, -286, 81
90, -345, -214
-19, -391, -329
-102, -338, 193
-126, -273, 545
-126, -273, 545
-202, -220, 411
-300, -1, 251
-418, 253, 59
-456, 472, 322
-518, 646, 745
-549, 805, 1092
-489, 946, 1572
-489, 946, 1572
-406, 985, 1988
-275, 809, 1998
-343, 615, 1998
-430, 805, 1998
-403, 842, 1998
-538, 531, 1998
-628, 322, 1998
-654, 477, 1998
-653, 686, 1998
-678, 881, 1998
-720, 1166, 1941
-710, 1366, 1263
-563, 1598, 567
-563, 1598, 567
-284, 1774, -72
28, 1771, -624
288, 1445, -973
347, 844, -1131
401, 438, -1183
428, 161, -1055
373, -229, -787
344, -491, -283
333, -601, 160
333, -601, 160
-,-,-
118, -757, 1140
130, -782, 876
205, -668, 763
205, -668, 763
286, -619, 786
366, -526, 913
361, -492, 752
310, -468, 564
270, -439, 353
253, -383, 217
253, -383, 217
251, -289, 110
148, -282, -76
-22, -362, -208
-95, -285, -316
-128, -139, -394
-225, -19, -475
-271, 148, -493
-380, 234, -343
-422, 363, -75
-422, 363, -75
-428, 585, 250
-376, 770, 701
-298, 729, 1370
-285, 550, 1948
-282, 163, 1998
-85, -10, 1998
111, 181, 1998
-10, 19, 1998
-10, 19, 1998
-145, -250, 1998
-215, -264, 1998
-245, -47, 1998
-287, 51, 1998
-280, 267, 1998
-217, 777, 1998
-105, 1380, 1528
135, 1819, 655
289, 1768, 45
289, 1768, 45
336, 1378, -381
265, 873, -716
254, 588, -1231
416, 558, -1497
447, 347, -1046
342, -4, -702
342, -4, -702
280, -302, -259
-,-,-
211, -360, 41
-148, -539, -192
-237, -247, -161
-353, 16, -477
-353, 16, -477
-456, 56, -552
-623, -13, -572
-711, 49, -218
-661, 359, 232
-513, 722, 515
-501, 865, 966
-450, 915, 1720
-450, 915, 1720
-322, 821, 1998
-156, 919, 1998
-60, 953, 1998
-101, 591, 1998
-138, 487, 1998
-164, 743, 1998
-242, 1055, 1998
-302, 1324, 1998
-292, 1547, 1719
-220, 1704, 893
-105, 1782, -26
116, 1631, -801
116, 1631, -801
197, 1113, -1067
241, 675, -1077
307, 412, -1064
334, 111, -1048
-,-,-
209, -419, 106
165, -666, -136
83, -534, -305
-1, -354, -255
-16, -153, -376
-37, 49, -249
-37, 49, -249
-149, 74, -155
-307, 77, -234
-394, 354, -157
-430, 738, 108
-522, 870, 438
-663, 821, 1077
-707, 714, 1857
-707, 714, 1857
-517, 556, 1998
-371, 231, 1998
-379, 80, 1998
-422, -67, 1998
-478, -314, 1998
-500, -50, 1998
-519, 509, 1998
-443, 1085, 1998
-267, 1389, 1841
-136, 1497, 1253
29, 1620, 727
293, 1837, 239
293, 1837, 239
371, 1702, -379
303, 1159, -1101
333, 664, -1190
457, 501, -861
498, 293, -626
-,-,-
47, -453, 593
230, -675, 206
16, -572, -289
-49, -256, -359
-179, -96, -228
-325, -79, -234
-407, 50, -462
-407, 50, -462
-476, 183, -435
-590, 189, -45
-630, 234, 223
-554, 450, 481
-439, 710, 595
-411, 810, 1017
-126, 966, 1813
198, 999, 1998
198, 999, 1998
442, 1092, 1998
456, 911, 1998
267, 352, 1998
113, -30, 1998
76, 68, 1998
46, 424, 1998
46, 424, 1998
19, 833, 1998
-7, 1122, 1886
-100, 1122, 1251
48, 1322, 571
221, 1509, 23
221, 1509, 23
303, 1358, -536
363, 1003, -860
278, 567, -978
-,-,-
278, -447, 403
534, -361, 475
315, -528, 462
191, -795, 186
112, -653, -25
165, -423, 7
69, -402, 134
69, -402, 134
-41, -388, 113
-189, -282, -154
-250, -28, -430
-311, 172, -280
-357, 343, -32
-405, 528, 134
-473, 557, 410
-473, 557, 410
-400, 712, 851
-270, 804, 1588
-85, 831, 1998
33, 719, 1998
190, 864, 1998
347, 1142, 1998
347, 1142, 1998
282, 1215, 1998
180, 1074, 1998
51, 1050, 1998
7, 1340, 1998
-110, 1451, 1885
-287, 1338, 1011
-245, 1321, 85
-16, 1444, -692
257, 1490, -1289
422, 1230, -1458
386, 728, -1192
386, 728, -1192
-,-,-
-222, -707, 492
-130, -719, 268
-168, -722, -274
-153, -627, -276
-170, -450, -122
-174, -243, -121
-226, -139, -118
-286, 1, -225
-361, 175, -167
-429, 425, -73
-477, 658, 111
-416, 804, 377
-416, 804, 377
-510, 806, 852
-532, 753, 1792
-303, 704, 1998
-54, 665, 1998
-15, 716, 1998
83, 872, 1998
167, 955, 1998
167, 955, 1998
35, 1058, 1998
-164, 1070, 1998
-393, 1053, 1998
-594, 1163, 1994
-725, 1270, 1550
-606, 1607, 558
-28, 1979, -404
293, 1711, -752
466, 1338, -856
562, 969, -818
559, 548, -688
559, 548, -688
612, 353, -676
633, 176, -543
576, -129, -263
-,-,-
301, -202, 206
224, -306, -27
224, -306, -27
-31, -421, -338
-170, -248, -512
-188, 32, -229
-278, 160, 2
-418, 189, 16
-567, 271, 125
-567, 271, 125
-648, 456, 269
-613, 674, 780
-561, 638, 1615
-462, 548, 1998
-308, 429, 1998
-110, 544, 1998
-56, 587, 1998
-106, 451, 1998
-194, 262, 1998
-194, 262, 1998
-300, 277, 1998
-316, 508, 1998
-330, 744, 1998
-368, 921, 1730
-332, 893, 952
-143, 1093, 0
288, 1259, -514
404, 928, -418
404, 928, -418
404, 653, -529
621, 834, -747
755, 856, -635
648, 486, -566
-,-,-
299, -584, 362
86, -648, 285
31, -641, 214
11, -502, 140
11, -502, 140
-46, -317, -81
-151, -252, -158
-262, -223, -76
-390, -213, -90
-474, -112, -78
-447, 99, 93
-449, 278, 238
-449, 278, 238
-427, 467, 473
-289, 627, 904
-225, 583, 1446
-112, 602, 1970
124, 651, 1998
237, 625, 1998
259, 624, 1998
259, 624, 1998
164, 384, 1998
102, 277, 1998
-25, 230, 1998
-207, 314, 1998
-309, 630, 1998
-257, 1088, 1946
-273, 1244, 1329
-117, 1458, 340
215, 1518, -367
215, 1518, -367
313, 1077, -531
339, 727, -598
403, 475, -581
432, 252, -325
493, 147, -375
-,-,-
261, -523, 200
276, -677, 48
123, -512, -341
61, -512, -385
61, -213, -385
-64, -51, -374
-191, 51, -364
-369, 172, -145
-581, 305, -25
-831, 506, 105
-750, 1077, 491
-585, 1394, 1265
-585, 1394, 1265
-444, 1217, 1987
-350, 754, 1998
-331, 423, 1998
-258, 479, 1998
-229, 501, 1998
-400, 389, 1998
-730, 273, 1998
-983, 544, 1998
-1233, 916, 1998
-1439, 1208, 1908
-1336, 1544, 1274
-861, 1913, 424
-77, 1997, -470
432, 1864, -899
693, 1506, -870
694, 1009, -635
694, 1009, -635
711, 590, -353
837, 490, -209
784, 334, -235
-,-,-
-167, -536, -286
-104, -722, -396
-250, -748, -566
-244, -622, -665
-287, -533, -641
-348, -377, -495
-417, -95, -523
-468, 188, -435
-577, 480, -224
-702, 749, 154
-693, 1094, 524
-676, 1265, 988
-676, 1265, 988
-674, 1250, 1610
-610, 1169, 1998
-725, 989, 1998
-777, 883, 1998
-638, 1115, 1998
-671, 1119, 1998
-866, 859, 1998
-1078, 398, 1998
-1120, 212, 1998
-1114, 272, 1998
-1231, 329, 1998
-1277, 719, 1998
-1319, 1218, 1998
-1408, 1550, 1732
-1192, 1807, 679
-720, 1806, -495
-187, 1522, -1147
230, 1423, -1021
603, 1496, -752
793, 1232, -778
812, 723, -767
647, 67, -585
-,-,-
-6, -535, -85
161, -532, -262
106, -462, -365
97, -399, -279
42, -465, -394
-73, -582, -480
-73, -582, -480
-170, -595, -467
-263, -469, -331
-411, -399, -282
-489, -192, -373
-572, 209, -374
-692, 432, -178
-757, 706, 126
-789, 969, 512
-788, 1207, 854
-793, 1183, 1661
-669, 1023, 1998
-571, 819, 1998
-618, 638, 1998
-618, 638, 1998
-563, 541, 1998
-588, 408, 1998
-695, 198, 1998
-741, 103, 1998
-772, 275, 1998
-880, 540, 1998
-979, 954, 1998
-924, 1472, 1998
-827, 1785, 1480
-632, 1865, 261
-284, 1600, -885
208, 1458, -973
796, 1748, -620
796, 1748, -620
584, 900, -839
562, 365, -846
638, 186, -751
551, -113, -401
-,-,-
73, -559, 31
73, -559, 31
-63, -747, -89
-115, -713, -119
-107, -543, -204
-135, -398, 29
-190, -214, 85
-256, -2, 3
-256, -2, 3
-336, 144, -6
-524, 247, -36
-679, 577, 29
-679, 577, 29
-633, 1064, 390
-613, 1181, 821
-614, 1034, 1381
-642, 965, 1914
-375, 1063, 1998
-236, 1069, 1998
-236, 1174, 1998
-263, 1432, 1998
-431, 1281, 1998
-703, 666, 1998
-872, 335, 1998
-972, 546, 1998
-,-,-
-1129, 1364, 1929
-1000, 1658, 1433
-832, 1861, 865
-336, 1997, 91
229, 1983, -620
543, 1636, -1016
602, 1049, -1074
475, 368, -682
475, 368, -682
462, 15, -231
552, -30, 9
599, -47, -20
574, -89, -213
-,-,-
37, -266, 31
-43, -569, -211
-134, -639, -258
-161, -516, -71
-176, -381, 179
-218, -282, 131
-265, -181, -9
-300, -56, -134
-300, -56, -134
-392, 34, -71
-490, 362, 241
-371, 822, 556
-350, 938, 914
-421, 890, 1074
-464, 1031, 1722
-244, 1290, 1998
-60, 1303, 1998
-208, 882, 1998
-208, 882, 1998
-376, 588, 1998
-365, 539, 1998
-405, 250, 1998
-610, -105, 1998
-758, -19, 1998
-826, 345, 1998
-818, 814, 1998
-762, 1169, 1874
-617, 1411, 1285
-459, 1636, 419
-45, 1708, -545
405, 1667, -893
690, 1584, -763
690, 1584, -763
590, 993, -1005
597, 537, -998
603, 218, -625
481, -96, -420
-,-,-
-185, -501, -476
-243, -649, -617
-205, -485, -638
-166, -237, -628
-159, -128, -335
-228, -192, -151
-288, -103, -127
-353, 116, -47
-507, 203, -83
-604, 520, 103
-646, 867, 336
-646, 867, 336
-596, 1075, 898
-526, 1049, 1289
-513, 915, 1702
-333, 1013, 1980
-236, 1019, 1998
-348, 773, 1998
-375, 664, 1998
-416, 546, 1998
-629, 179, 1998
-764, 21, 1998
-766, 468, 1998
-766, 468, 1998
-757, 1007, 1998
-768, 1428, 1998
-792, 1673, 1822
-669, 1898, 840
-232, 1997, -270
185, 1953, -871
-,-,-
27, -531, 62
-62, -515, -321
-62, -515, -321
-147, -388, -385
-306, -242, -208
-233, 174, 115
-246, 244, 290
-437, 106, 408
-647, 186, 438
-745, 438, 736
-715, 696, 1127
-572, 871, 1548
-572, 871, 1548
-375, 1094, 1982
-270, 1001, 1998
-127, 875, 1998
-32, 846, 1998
-66, 717, 1998
-68, 601, 1998
-264, 527, 1998
-438, 860, 1998
-447, 1303, 1998
-403, 1594, 1851
-416, 1551, 1316
-299, 1850, 639
-299, 1850, 639
129, 1997, -383
319, 1807, -1010
342, 1056, -998
407, 595, -780
-,-,-
-48, -507, -88
-37, -617, -146
-89, -471, -203
-181, -353, -237
-230, -108, -149
-332, 54, -259
-390, 214, -120
-390, 214, -120
-487, 389, 185
-557, 605, 500
-627, 783, 810
-574, 878, 1172
-473, 931, 1831
-358, 923, 1998
-355, 677, 1998
-583, 223, 1998
-661, 163, 1998
-661, 163, 1998
-540, 277, 1998
-610, 224, 1998
-744, 360, 1998
-769, 801, 1998
-686, 1153, 1998
-698, 1233, 1958
-715, 1352, 1503
-462, 1724, 826
-253, 1888, 231
179, 1997, -424
523, 1884, -910
351, 1019, -876
611, 719, -569
-,-,-
-97, -307, -430
-88, -598, -528
-174, -508, -538
-72, -318, -314
-82, -247, -153
-157, -221, -79
-177, -55, -274
-177, -55, -274
-275, 87, -437
-434, 154, -318
-545, 333, -4
-568, 548, 383
-707, 677, 614
-749, 938, 1069
-687, 1048, 1810
-617, 837, 1998
-519, 564, 1998
-519, 564, 1998
-485, 420, 1998
-452, 419, 1998
-477, 187, 1998
-567, -24, 1998
-664, -30, 1998
-705, 97, 1998
-677, 247, 1998
-609, 516, 1998
-615, 911, 1998
-550, 1330, 1520
